07/08 00:45:05 [02][01][10][11][03]
07/08 00:45:07 [02][01][41][40][03]
07/08 00:45:09 [02][01][11][10][03]
07/08 00:45:11 [02][01][41][40][03]
07/08 00:45:13 [02][02][12][01][11][03]
07/08 00:45:15 [02][02][12][01][11][03]
07/08 00:45:17 [02][01][16][17][03]
07/08 00:45:19 [02][03][14][01][f4][e2][03]
07/08 00:45:21 [02][01][40][41][03]
07/08 00:45:23 [02][02][12][01][11][03]
07/08 00:45:25 [02][01][21][20][03]
07/08 00:45:27 [02][02][20][01][23][03]
07/08 00:45:29 [02][01][15][14][03]
07/08 00:45:31 [02][01][41][40][03]
07/08 00:45:33 [02][01][40][41][03]
